# GIMP colorrc
# 
# This file holds a list of recently used colors.

(color-history
    (color-rgba 1 1 1 1)
    (color-rgba 0 0 0 1)
    (color-rgba 0.58041238105317861 0.53600770581902657 0.83018867924528306 1)
    (color-rgba 0.15094339622641506 0 1 1)
    (color-rgba 0.16631227168785015 0.02331891640067742 0.97064989517819711 1)
    (color-rgba 0.97436614466815796 0.26174496644295298 1 1)
    (color-rgba 0.75370354372579396 0.20727329483377552 0.77209302325581397 1)
    (color-rgba 0.12736069923521151 0.4101014515373807 0.94883720930232562 1)
    (color-rgba 1 0 0 1)
    (color-rgba 0.92146946835038701 0.10825659434992972 0.94883720930232562 1)
    (color-rgba 0.51187954696518478 0.02331891640067742 0.97064989517819711 1)
    (color-rgba 0.49856820493036774 0.10076256817593358 0.8721174004192872 1)
    (color-rgba 0.8721174004192872 0.10076256817593358 0.10076256817593358 1)
    (color-rgba 0.79454926624737943 0 0 1)
    (color-rgba 0 0 0 6.9187579935005575e-310)
    (color-rgba 1 1 1 4.6663864120431995e-310)
    (color-rgba 0.023529411764705882 0 0.10980392156862745 1)
    (color-rgba 0.019014734774827957 0 0.1061900332570076 1)
    (color-rgba 0.023529411764705882 0 0 1)
    (color-rgba 0.91764705882352937 0.32941176470588235 0.12941176470588237 1)
    (color-rgba 0.97254901960784312 0.97647058823529409 0 1)
    (color-rgba 0.97254901960784312 0.97647058823529409 0 6.9530811095319396e-310)
    (color-rgba 0 0.55882352941176494 1 1)
    (color-rgba 0.10196078431372549 0.10196078431372549 0.10196078431372549 1)
    (color-rgba 0.52549019607843139 0.74509803921568629 0.2627450980392157 1)
    (color-rgba 0.28235294117647058 0.72549019607843135 0.7803921568627451 1)
    (color-rgba 0.67647058823529438 0 1 1)
    (color-rgba 0.02166064981949456 0.0015991083759358401 0.0015991083759358401 1)
    (color-rgba 0.87058800000000003 0.32549 0.27843099999999998 1)
    (color-rgba 0 0.47058823529411764 1 1)
    (color-rgba 0.17647099999999999 0.78039199999999997 0.99215699999999996 0)
    (color-rgba 0.73725499999999999 0.24313699999999999 0.16470599999999999 1)
    (color-rgba 0.20000000000000001 0.20000000000000001 0.20000000000000001 1)
    (color-rgba 0.129412 0.45882400000000001 0.60784300000000002 1)
    (color-rgba 0.78039199999999997 0.403922 0.40784300000000001 1)
    (color-rgba 1 1 1 1)
    (color-rgba 1 1 1 1))

# end of colorrc
